frame1, frame2, tx, ty, tz, r11, r12, r13, r21, r22, r23, r31, r32, r33
0,1,0.0025633,-0.0007702,0.00954718,0.99963,0.021072,-0.0172221,-0.0211527,0.999766,-0.00451937,0.0171229,0.00488199,0.999841
1,2,-0.00518969,-0.00196347,0.0085785,0.999796,0.0186382,-0.00780286,-0.0186215,0.999824,0.00220065,0.0078425,-0.0020549,0.999967
2,3,-0.00723563,-0.00481969,0.0101218,0.999783,0.0181456,-0.0102281,-0.0180565,0.999799,0.00874006,0.0103846,-0.00855348,0.999909
3,4,9.56397e-05,-0.00361029,0.0114646,0.999682,0.0192362,-0.0163229,-0.0191033,0.999783,0.00826089,0.0164782,-0.00794644,0.999833
4,5,1.59211e-05,-0.00464038,0.0136934,0.99978,0.0175021,-0.0115539,-0.0173414,0.999753,0.013865,0.0117937,-0.0136616,0.999837
5,6,-0.00283298,-0.00387763,0.0140801,0.999899,0.0135092,-0.00438044,-0.0134469,0.999812,0.0139488,0.00456805,-0.0138885,0.999893
6,7,-0.000931658,-0.00757631,0.0159943,0.999945,0.00894703,-0.00541433,-0.00885503,0.99982,0.0167831,0.00556351,-0.0167342,0.999844
7,8,0.007559,-0.00257922,0.0168935,0.999956,0.00704371,-0.00616813,-0.00697126,0.999907,0.0116906,0.0062499,-0.0116471,0.999913
8,9,0.00557156,-0.00779151,0.017935,0.999969,-0.00398886,0.00676113,0.00387589,0.999854,0.0166397,-0.00682652,-0.016613,0.999839
9,10,0.00229157,-0.0121984,0.0172221,0.999896,-0.00724192,0.0124563,0.00703271,0.999835,0.0167579,-0.0125756,-0.0166686,0.999782
10,11,0.00728169,-0.00715428,0.0163057,0.999905,-0.00955797,0.00997521,0.00947606,0.999921,0.00822721,-0.0100531,-0.0081319,0.999916
11,12,0.0126604,-0.00498005,0.012797,0.999767,-0.015533,0.0150001,0.0154089,0.999846,0.0083579,-0.0151276,-0.00812481,0.999853
12,13,-0.000132395,-0.0109693,0.0165859,0.999603,-0.0127414,0.0251109,0.0124589,0.999858,0.0113752,-0.0252522,-0.0110579,0.99962
13,14,0.0122421,-0.00426394,0.0119956,0.99983,-0.0125541,0.013476,0.012503,0.999914,0.00386754,-0.0135234,-0.00369839,0.999902
14,15,0.0172256,-0.00654989,0.012094,0.999661,-0.013972,0.0219836,0.0138967,0.999897,0.00357598,-0.0220313,-0.00326927,0.999752
15,16,0.0126694,-0.00656357,0.0114447,0.999395,-0.0115365,0.0328214,0.0115766,0.999932,-0.00103071,-0.0328073,0.00141005,0.999461
16,17,0.0115943,-0.00231248,0.00704088,0.999263,-0.00544156,0.0380055,0.00572756,0.999956,-0.00742034,-0.0379635,0.00763255,0.99925
17,18,-0.00317415,-0.000503716,0.00935463,0.998918,-0.0128356,0.044694,0.0132057,0.999881,-0.00799449,-0.044586,0.00857605,0.998969
18,19,0.00975814,0.00186659,-0.000905368,0.999458,-0.0193064,0.0266715,0.0194858,0.999789,-0.0064828,-0.0265408,0.006999,0.999623
19,20,0.012222,-0.000569678,0.00386561,0.999487,-0.0186118,0.026082,0.0185422,0.999824,0.00290798,-0.0261315,-0.00242287,0.999656
20,21,0.00906809,-0.00473992,0.00331226,0.999377,-0.0223052,0.0273389,0.0222618,0.99975,0.00188978,-0.0273742,-0.00127999,0.999624
21,22,0.0156714,0.00162685,-0.00419741,0.999384,-0.0262752,0.0232594,0.0263328,0.999651,-0.0021718,-0.0231942,0.00278295,0.999727
22,23,0.0159108,0.000337323,1.67673e-05,0.999249,-0.0270848,0.0277134,0.0269516,0.999623,0.00517082,-0.027843,-0.00442001,0.999603
23,24,0.0149603,-0.00526229,0.000247572,0.999235,-0.0239992,0.0308716,0.0239185,0.999709,0.00298112,-0.0309342,-0.00224044,0.999519
24,25,0.0119737,-0.000592823,-0.00465658,0.99901,-0.0258247,0.036216,0.0260122,0.999651,-0.00471444,-0.0360816,0.00565183,0.999333
25,26,0.00540632,0.0100961,-0.00870787,0.998632,-0.032728,0.0407759,0.0328437,0.999458,-0.00217119,-0.0406827,0.00350746,0.999166
26,27,0.00544953,-0.00411867,0.00140287,0.999124,-0.0303253,0.0288284,0.0300107,0.999486,0.011282,-0.0291557,-0.010407,0.999521
27,28,0.0111595,-0.00356491,-0.00259973,0.999618,-0.0225303,0.0159909,0.0225966,0.999737,-0.00397856,-0.015897,0.00433838,0.999864
28,29,0.00876736,0.0119087,-0.00526429,0.999225,-0.0303155,0.0250996,0.0304669,0.99952,-0.00567165,-0.0249156,0.00643197,0.999669
29,30,0.00750082,-0.00239651,-0.000894903,0.99925,-0.0301338,0.0243279,0.0298363,0.999477,0.012498,-0.0246918,-0.0117627,0.999626
30,31,0.0119781,-0.00341364,-0.000533014,0.999591,-0.0241177,0.0153493,0.0240874,0.999708,0.00215592,-0.0153968,-0.00178531,0.99988
31,32,0.00956758,0.00204113,-0.00326698,0.999111,-0.0305468,0.0290607,0.0305188,0.999533,0.00140718,-0.0290902,-0.000519027,0.999577
32,33,-0.0013476,-0.00526354,-0.00165478,0.999159,-0.0303639,0.0275427,0.0302126,0.999526,0.00589618,-0.0277087,-0.00505909,0.999603
33,34,0.00905725,-0.00261415,-0.0013094,0.999371,-0.0333379,0.012116,0.0333458,0.999444,-0.000447641,-0.0120944,0.000851378,0.999926
34,35,0.00934416,-0.00679149,0.000513159,0.999414,-0.0305283,0.0154998,0.0305635,0.999531,-0.00203622,-0.0154304,0.00250876,0.999878
35,36,0.0101165,-0.0039953,-0.00136231,0.999582,-0.024616,0.0151558,0.0247269,0.999669,-0.0071701,-0.0149743,0.00754187,0.999859
36,37,0.0101385,-0.00128127,-0.00260077,0.999102,-0.0331984,0.0263254,0.0333891,0.999419,-0.00683963,-0.026083,0.00771247,0.99963
37,38,0.00510346,-0.00373849,0.000774594,0.999215,-0.0245507,0.0311068,0.0245894,0.999697,-0.000864033,-0.0310761,0.00162825,0.999516
38,39,0.00598683,-0.00697779,0.00259893,0.999518,-0.0104296,0.0292474,0.0106075,0.999926,-0.00593468,-0.0291834,0.00624206,0.999555
39,40,0.00285906,-0.00373764,-0.00286517,0.999286,-0.0113391,0.0360378,0.0116041,0.999907,-0.00715525,-0.0359534,0.00756833,0.999325
40,41,-0.0023603,-0.00653429,0.000132685,0.999452,-0.00581742,0.0325785,0.0058376,0.999983,-0.000524572,-0.0325749,0.000714465,0.999469
41,42,-0.00405357,-0.0078154,0.00198383,0.999764,0.0129918,0.0174295,-0.0129222,0.999908,-0.00410105,-0.0174811,0.00387486,0.99984
42,43,-0.000489195,-0.00705134,0.00230503,0.999822,0.0173577,0.0073657,-0.0173356,0.999845,-0.00306237,-0.00741772,0.00293414,0.999968
43,44,-0.00185497,-0.0121375,0.00266856,0.999864,0.0158295,0.00462858,-0.0158225,0.999874,-0.00154138,-0.00465239,0.00146794,0.999988
44,45,-0.00071224,-0.00684076,0.000693078,0.999832,0.0179029,-0.00388939,-0.0179364,0.999801,-0.00875465,0.00373188,0.00882294,0.999954
45,46,0.00275763,-0.00836224,0.00191266,0.999802,0.0166257,-0.010891,-0.01668,0.999849,-0.00491661,0.0108076,0.0050973,0.999929
46,47,0.00552398,-0.00859977,0.00239692,0.999803,0.0147369,-0.0132737,-0.0148173,0.999872,-0.00597899,0.0131839,0.0061745,0.999894
47,48,0.00813821,-0.00564016,0.00186503,0.999808,0.0144297,-0.0132263,-0.014518,0.999873,-0.00660959,0.0131292,0.00680035,0.999891
48,49,0.0113509,-0.00406497,0.00166729,0.999874,0.0126159,-0.00959768,-0.0126596,0.99991,-0.00450352,0.00954,0.00462446,0.999944
49,50,0.00774459,-0.010383,0.00212089,0.999976,0.0063367,-0.00267157,-0.00633027,0.999977,0.00240742,0.00268676,-0.00239045,0.999994
50,51,0.00764409,-0.00356462,-0.00075091,0.999966,0.00534788,-0.00629207,-0.00537361,0.999977,-0.00407951,0.00627011,0.00411318,0.999972
51,52,0.0102577,-0.00407791,0.00121263,0.999956,0.0006117,-0.00933736,-0.000591933,0.999998,0.00211953,0.00933863,-0.00211392,0.999954
52,53,0.0133956,-0.00825008,0.000698723,0.999915,0.00181704,-0.0129481,-0.00178352,0.999995,0.00260005,0.0129527,-0.00257674,0.999913
53,54,0.0152411,-0.00313592,0.00011738,0.999882,0.00907787,-0.0124193,-0.00911694,0.999954,-0.00309285,0.0123907,0.00320571,0.999918
54,55,0.0137628,-0.00254942,-0.00204919,0.999878,0.0130798,-0.00852752,-0.013131,0.999896,-0.00597282,0.00844851,0.00608407,0.999946
55,56,0.0129579,-0.001277,-0.00130076,0.999896,0.011693,-0.00849132,-0.0116954,0.999932,-0.000228322,0.00848807,0.000327607,0.999964
56,57,0.0132307,-0.0089499,0.000698708,0.999849,0.0134425,-0.0110117,-0.0134585,0.999908,-0.00137866,0.0109922,0.00152666,0.999938
57,58,0.0150614,0.00281117,-0.00230232,0.999665,0.0228348,-0.012162,-0.0230349,0.999597,-0.0165741,0.0117786,0.0168487,0.999789
58,59,0.0185189,-0.00317348,0.00215944,0.999672,0.0240971,-0.00868487,-0.0241553,0.999686,-0.00666674,0.00852149,0.00687434,0.99994
59,60,0.00903221,-0.00651052,-0.0029123,0.999867,0.0163364,7.32544e-05,-0.0163343,0.999793,-0.0121501,-0.000271729,0.0121473,0.999926
60,61,0.0112547,0.00386523,-0.00400767,0.999702,0.0211817,-0.0121175,-0.0214343,0.999547,-0.0211137,0.0116648,0.0213671,0.999704
61,62,0.017857,0.0021244,0.00090857,0.999581,0.0241591,-0.015934,-0.0243764,0.999611,-0.0135862,0.0155995,0.013969,0.999781
62,63,0.0165734,0.00572125,0.000457652,0.999767,0.019748,-0.00868169,-0.0198313,0.999757,-0.00961112,0.00848978,0.00978105,0.999916
63,64,0.0156564,-0.000938721,0.00137569,0.999693,0.0234765,-0.00797853,-0.0235119,0.999714,-0.00438329,0.00787334,0.00456954,0.999959
64,65,0.0193364,0.00757223,0.00220023,0.999549,0.0285759,-0.00923232,-0.0286529,0.999555,-0.0083196,0.00899047,0.00858039,0.999923
65,66,0.0224017,0.00331176,0.00427126,0.999624,0.0272823,-0.00285913,-0.0272807,0.999628,0.000615444,0.00287486,-0.000537213,0.999996
66,67,0.017525,-0.00250133,0.00328469,0.999591,0.0285543,0.00164176,-0.0285593,0.999587,0.00307791,-0.0015532,-0.00312354,0.999994
67,68,0.0153207,0.00812819,-0.000865786,0.999603,0.028134,-0.00153955,-0.0281454,0.999572,-0.00797716,0.00131447,0.00801732,0.999967
68,69,0.020799,0.00596076,0.00384182,0.999918,0.0103383,-0.0075721,-0.0102897,0.999926,0.00642214,0.00763794,-0.0063437,0.999951
69,70,0.0204822,0.000637762,0.0048625,0.999968,-0.00398017,-0.00692163,0.00403605,0.999959,0.0080792,0.00688919,-0.00810688,0.999943
70,71,0.0166771,0.00510847,0.00387387,0.999924,-0.00967684,-0.00766545,0.00968683,0.999952,0.00126734,0.00765282,-0.00134149,0.99997
71,72,0.0184752,0.00439618,0.00526155,0.999888,-0.00632845,-0.0135304,0.0063383,0.99998,0.00068509,0.0135258,-0.000770774,0.999908
72,73,0.0191153,0.0121572,0.0065965,0.999907,0.00196861,-0.0134658,-0.0019752,0.999998,-0.000475757,0.0134649,0.00050231,0.999909
73,74,0.0212667,0.00383941,0.00989098,0.999939,-0.000411623,-0.0109998,0.000479248,0.999981,0.00614588,0.0109971,-0.00615078,0.999921
74,75,0.0150436,0.00714019,0.00645419,0.999989,-0.00193569,-0.00421733,0.00193103,0.999998,-0.00110912,0.00421947,0.00110096,0.99999
75,76,0.0142871,0.00560635,0.00749039,0.999978,0.000323936,-0.00657535,-0.000324962,1,-0.000154952,0.0065753,0.000157085,0.999978
76,77,0.0137953,0.00819758,0.00591914,0.999967,-0.00108627,-0.00806083,0.00105575,0.999992,-0.00378913,0.00806489,0.00378049,0.99996
77,78,0.0152584,0.00220496,0.00742909,0.99994,-0.00464973,-0.00994561,0.00466395,0.999988,0.00140704,0.00993895,-0.00145334,0.99995
78,79,0.0108061,0.00415592,0.00537261,0.999954,-0.0033004,-0.00899581,0.00325224,0.99998,-0.00536291,0.00901334,0.00533341,0.999945
79,80,0.015704,-0.00271834,0.0076655,0.999856,-0.00686234,-0.0155511,0.00673232,0.999942,-0.00839792,0.0156078,0.00829202,0.999844
80,81,0.0137724,0.013902,0.00199953,0.999865,-0.0123074,-0.0108801,0.0120125,0.999569,-0.0267725,0.0112049,0.0266382,0.999582
81,82,0.0104748,0.0131846,0.00109594,0.999938,-0.00764832,-0.00815312,0.00751413,0.999838,-0.0163649,0.00827696,0.0163026,0.999833
82,83,0.0116297,0.00874765,0.00289482,0.999946,-0.00215826,-0.0101606,0.00210888,0.999986,-0.00486882,0.010171,0.00484713,0.999937
83,84,0.00697755,0.0136055,0.000928243,0.999947,0.000677738,-0.0102715,-0.000749771,0.999975,-0.00701072,0.0102665,0.00701805,0.999923
84,85,0.00920499,0.0108754,0.00213648,0.999818,0.00485632,-0.0184749,-0.00472087,0.999962,0.00736819,0.01851,-0.00727963,0.999802
85,86,0.0109997,-0.00572426,0.00345819,0.999711,0.00667646,-0.0230788,-0.00641737,0.999916,0.0112822,0.0231522,-0.0111309,0.99967
86,87,0.0213623,0.0238103,-0.00690409,0.998719,0.0164821,-0.0478428,-0.0167704,0.999844,-0.0056307,0.0477425,0.00642583,0.998839
87,88,0.00835633,0.0097738,-0.0034436,0.999672,0.0138456,-0.02154,-0.0137226,0.999889,0.0058496,0.0216185,-0.00555209,0.999751
88,89,0.0220544,0.0109319,-0.00945596,0.998387,0.0201802,-0.0530686,-0.0198943,0.999785,0.00590964,0.0531764,-0.00484434,0.998573
89,90,0.0202664,-0.00138755,-0.00573588,0.999513,0.0134207,-0.0281877,-0.0129723,0.999787,0.0160337,0.0283969,-0.0156602,0.999474
90,91,0.0405864,-0.00783107,-0.0110018,0.999521,0.022937,-0.0207588,-0.0230779,0.999712,-0.00657221,0.020602,0.00704813,0.999763
91,92,0.0114865,0.00312775,-0.0108545,0.99993,0.011174,0.00377579,-0.0111272,0.999864,-0.0121926,-0.00391151,0.0121497,0.999919
92,93,0.0190397,0.000600655,-0.0187584,0.999674,0.0241607,-0.00823166,-0.0241875,0.999702,-0.00316945,0.00815263,0.00336752,0.999961
93,94,0.0137757,-0.00399724,-0.010159,0.999845,0.0122038,-0.0126508,-0.0125319,0.999579,-0.0261868,0.0123259,0.0263413,0.999577
94,95,0.0327827,0.0233154,-0.0227275,0.999181,0.0328215,-0.0236469,-0.0335355,0.998973,-0.0304581,0.0226229,0.0312262,0.999256
95,96,0.0190211,-0.0132779,-0.00965366,0.999795,0.0193353,-0.00593309,-0.0193513,0.999809,-0.00265294,0.00588066,0.00276722,0.999979
96,97,0.028555,0.0135973,-0.0253231,0.999422,0.0261129,0.0217483,-0.0259316,0.999627,-0.00857908,-0.0219642,0.00801016,0.999727
97,98,0.0038585,-0.0164771,-0.0110469,0.999776,0.0178525,0.0113767,-0.017917,0.999824,0.00558769,-0.0112749,-0.00579027,0.99992
98,99,0.0171054,0.0142045,-0.0233216,0.999727,0.0228509,-0.0049662,-0.0229746,0.999385,-0.0264812,0.00435803,0.0265881,0.999637
99,100,0.012041,-0.00779105,-0.00865252,0.999831,0.0137942,-0.0121554,-0.0136107,0.999794,0.0150481,0.0123605,-0.0148801,0.999813
100,101,0.0131205,-0.016301,-0.00866191,0.99984,0.0121701,-0.0131198,-0.0121092,0.999916,0.00470711,0.013176,-0.00454749,0.999903
101,102,0.0146881,0.00507473,-0.0067986,0.999913,0.00457684,-0.0123334,-0.00482331,0.999788,-0.0200286,0.0122391,0.0200863,0.999723
102,103,0.0126462,0.000371067,-0.00524423,0.999926,0.00782702,-0.00929622,-0.00785841,0.999964,-0.00334548,0.0092697,0.00341829,0.999951
103,104,0.0236115,-0.00476436,-0.00468257,0.999533,0.0212391,-0.0219769,-0.0217963,0.999439,-0.0254323,0.0214244,0.0258994,0.999435
104,105,0.0128975,0.00897336,0.000828445,0.99987,0.00853519,-0.0137129,-0.00868445,0.999903,-0.0108627,0.0136188,0.0109804,0.999847
105,106,0.0272913,-0.00794165,0.00864249,0.999072,0.0294941,-0.0313732,-0.0292102,0.999528,0.00946872,0.0316376,-0.00854352,0.999463
106,107,0.0143946,0.00214979,0.00600254,0.999812,0.0123594,-0.0149721,-0.0125017,0.999877,-0.00944919,0.0148535,0.00963459,0.999843
107,108,0.0257515,0.00567461,0.0178296,0.999167,0.0283668,-0.0293261,-0.0278647,0.99946,0.0173878,0.0298035,-0.0165562,0.999419
108,109,0.013894,-0.00642306,0.0108512,0.999697,0.0123963,-0.0212565,-0.0122223,0.999891,0.00829654,0.021357,-0.00803423,0.99974
109,110,0.0284893,0.00893583,0.0227567,0.998523,0.0301509,-0.0452017,-0.0299132,0.999535,0.00592693,0.0453594,-0.00456605,0.99896
110,111,0.019477,-0.00672071,0.0122438,0.999677,0.0163339,-0.0194777,-0.0161379,0.999818,0.0101816,0.0196404,-0.009864,0.999758
111,112,0.0287235,0.00846364,0.0252756,0.99978,0.0175011,-0.0115333,-0.0175254,0.999844,-0.00200631,0.0114964,0.002208,0.999931
112,113,0.0113884,0.00288792,0.013505,0.999953,0.00766964,-0.00590406,-0.00762559,0.999943,0.00744808,0.00596085,-0.00740271,0.999955
113,114,0.0124906,0.000592352,0.0131535,0.999909,0.00933555,-0.00972124,-0.00925927,0.999926,0.00786225,0.00979392,-0.00777152,0.999922
114,115,0.016489,-0.00401021,0.0126843,0.9999,0.00887175,-0.0110302,-0.0087758,0.999923,0.00871692,0.0111067,-0.00861925,0.999901
115,116,0.0132591,0.00988167,0.00939673,0.999975,0.00581741,-0.00400234,-0.00583561,0.999973,-0.00455146,0.00397575,0.0045747,0.999982
116,117,0.0129866,-0.00939654,0.0124687,0.99994,0.0102975,-0.00379708,-0.010252,0.999877,0.011834,0.00391847,-0.0117943,0.999923
117,118,0.0141838,0.00300339,0.00909254,0.999986,0.00441912,-0.00284295,-0.0044524,0.99992,-0.0118066,0.00279055,0.0118191,0.999926
118,119,0.0133902,0.0176124,0.00844036,0.99999,-0.0032522,-0.00318972,0.00322058,0.999946,-0.00987006,0.00322165,0.00985968,0.999946
119,120,0.014011,0.00745291,0.0103956,0.999984,-0.00244348,-0.00509738,0.00246958,0.999984,0.00511959,0.00508479,-0.0051321,0.999974
120,121,0.00919753,0.0158885,0.00993126,0.99998,-0.000461566,-0.00638229,0.000529702,0.999943,0.0106783,0.006377,-0.0106814,0.999923
121,122,0.0105882,-0.00815416,0.0128181,0.999892,0.00554008,-0.0136,-0.00516838,0.999616,0.0272154,0.0137456,-0.0271422,0.999537
122,123,0.0148693,0.00577516,0.00882693,0.999839,0.00204836,-0.0178536,-0.0019512,0.999983,0.00545762,0.0178645,-0.0054219,0.999826
123,124,0.0211531,0.0195931,0.00775041,0.99983,0.00187981,-0.0183647,-0.0017064,0.999954,0.00945404,0.0183816,-0.00942109,0.999787
124,125,0.0192518,-0.00433587,0.00980745,0.999877,0.0125703,-0.00938072,-0.0122843,0.999476,0.0299511,0.00975229,-0.0298322,0.999507
125,126,0.0273471,0.00997712,0.00940926,0.999913,0.012984,-0.00227779,-0.0129331,0.999693,0.0211121,0.00255121,-0.0210808,0.999775
126,127,0.0144846,0.00780581,0.00160747,0.99997,0.00388127,-0.00672448,-0.00376453,0.999843,0.0172872,0.00679052,-0.0172614,0.999828
127,128,0.0156466,-0.0130173,0.00377271,0.999907,0.0090775,-0.0101469,-0.00883064,0.99967,0.0241141,0.0103625,-0.0240222,0.999658
128,129,0.0186041,-0.00167945,-0.00103393,0.999925,0.00340497,-0.0117526,-0.00340382,0.999994,0.0001172,0.0117529,-7.71872e-05,0.999931
129,130,0.0220543,0.00903051,-0.00419777,0.99993,-0.000658741,-0.0118027,0.000592788,0.999984,-0.00559056,0.0118062,0.00558317,0.999915
130,131,0.0256852,0.0043842,-0.00424993,0.999941,0.00351846,-0.0102787,-0.00349096,0.99999,0.00269238,0.0102881,-0.00265634,0.999944
131,132,0.0214713,-0.0118407,-0.00461681,0.999956,0.00898966,-0.00266225,-0.0089777,0.99995,0.0044683,0.00270228,-0.0044442,0.999986
132,133,0.0186178,0.00613798,-0.00919303,0.999993,-0.0012707,0.00343857,0.00133721,0.999811,-0.0194086,-0.00341326,0.0194131,0.999806
133,134,0.02481,0.0312759,-0.0142885,0.999969,-0.0074833,0.00242561,0.00752383,0.999825,-0.0171557,-0.0022968,0.0171735,0.99985
134,135,0.015564,-0.0116843,-0.00134378,0.999897,0.00666852,0.012672,-0.00699613,0.999638,0.0259872,-0.0124941,-0.0260732,0.999582
135,136,0.0190363,0.00327596,-0.0120156,0.999939,0.00408401,0.0103053,-0.00407777,0.999991,-0.000625861,-0.0103078,0.000583799,0.999947
136,137,0.0197114,0.0184108,-0.0157654,0.999961,0.00311087,0.00828582,-0.00316289,0.999975,0.00627314,-0.0082661,-0.0062991,0.999946
137,138,0.012672,-0.0146231,-0.00868821,0.999877,0.0131248,0.00853188,-0.0133878,0.999413,0.0315413,-0.00811289,-0.0316516,0.999466
138,139,0.0081105,0.000834166,-0.0135695,0.99978,0.0207407,0.00324028,-0.0207778,0.999714,0.0118758,-0.00299304,-0.0119405,0.999924
139,140,0.00175503,0.0130713,-0.0160923,0.999826,0.0184138,-0.00296327,-0.0183637,0.999701,0.0161258,0.00325932,-0.0160686,0.999866
140,141,0.0106785,-0.00381022,-0.0146066,0.999867,0.00289721,-0.0160611,-0.00213015,0.998866,0.0475722,0.0161807,-0.0475317,0.998739
141,142,0.0138304,-0.036465,-0.00727617,0.999828,0.00214612,-0.0184151,-0.0011242,0.998468,0.0553256,0.0185056,-0.0552954,0.998299
142,143,0.0130146,-0.00854983,-0.015947,0.999832,-0.00387661,-0.0179004,0.00419695,0.999831,0.017893,0.0178281,-0.0179652,0.99968
143,144,0.0211276,-0.0120537,-0.0159676,0.999842,-0.0110387,-0.0139602,0.0113917,0.999611,0.0254629,0.0136737,-0.0256179,0.999578
144,145,0.0162162,-0.0423814,-0.0108704,0.999947,-0.00988968,-0.00274361,0.00995095,0.999679,0.0232984,0.00251231,-0.0233244,0.999725
145,146,0.0249565,-0.00758451,-0.0183426,0.999993,-0.00367769,-0.000570148,0.00366917,0.999891,-0.0142947,0.000622657,0.0142925,0.999898
146,147,0.00618188,-0.00889249,-0.0214324,0.999354,-0.0118825,0.0339066,0.0123086,0.999848,-0.012386,-0.0337542,0.0127953,0.999348
147,148,-0.00227671,0.00531966,-0.0243681,0.999243,-0.0138339,0.0363602,0.014172,0.999859,-0.00905773,-0.0362297,0.00956617,0.999298
148,149,0.00581932,-0.0113651,-0.0123765,0.999245,-0.018283,0.0342919,0.0177895,0.999735,0.0146398,-0.0345504,-0.0140187,0.999305
149,150,-0.00628892,-0.0171951,-0.0126736,0.999124,-0.013936,0.039447,0.0138679,0.999902,0.00200021,-0.039471,-0.00145141,0.99922
150,151,-0.00362942,0.00191009,-0.0150317,0.999777,-0.00393033,0.0207352,0.00427852,0.99985,-0.0167746,-0.0206662,0.0168596,0.999644
151,152,-0.0016199,0.00344049,-0.0193279,0.99977,-0.0172277,0.0127628,0.0170517,0.99976,0.0137768,-0.0129971,-0.013556,0.999824
152,153,0.0120203,-0.00689636,-0.00504534,0.999669,0.0161444,-0.0200267,-0.0161927,0.999866,-0.00225212,0.0199877,0.00257566,0.999797
153,154,0.00959508,0.00559647,-0.00828244,0.999598,0.0229965,-0.0166032,-0.023309,0.99955,-0.0188796,0.0161615,0.019259,0.999684
154,155,0.0217466,0.0239235,-0.00790105,0.99986,0.00494783,-0.0160019,-0.00506532,0.99996,-0.00731025,0.0159651,0.00739028,0.999845
155,156,0.0258953,-0.000158307,-0.00558153,0.999997,0.00232672,-2.97188e-05,-0.00232556,0.999771,0.0212857,7.92378e-05,-0.0212856,0.999773
156,157,0.0260389,0.00330765,-0.00814865,0.999719,0.0219105,0.00905372,-0.0220208,0.999682,0.0122678,-0.00878205,-0.0124637,0.999884
157,158,0.0549528,-0.00144212,-0.0266625,0.99672,0.0358883,0.0725288,-0.0385738,0.998608,0.0359716,-0.0711369,-0.0386513,0.996717
158,159,0.00974812,-0.00148524,-0.00488438,0.998495,0.011105,0.0536994,-0.0117049,0.999872,0.0108714,-0.0535719,-0.0114836,0.998498
159,160,0.0107967,-0.00319526,-0.00314738,0.999158,0.0182068,0.0367723,-0.0184253,0.999814,0.00561241,-0.0366633,-0.00628522,0.999308
160,161,0.0067537,-0.00583893,-0.006268,0.999375,0.0251034,0.024874,-0.0251381,0.999683,0.00108193,-0.024839,-0.00170653,0.99969
161,162,-0.00558613,-0.0085422,-0.00972564,0.999697,0.022507,0.0100038,-0.0224993,0.999746,-0.000877706,-0.010021,0.000652362,0.99995
162,163,-0.000519062,-0.012194,-0.03263,0.996458,0.0534153,-0.0649478,-0.0533749,0.998572,0.00235825,0.064981,0.00111669,0.997886
163,164,0.0127952,-0.0132654,-0.00241587,0.997744,0.0358889,-0.0567348,-0.0348623,0.999212,0.0189822,0.0573713,-0.0169615,0.998209
164,165,0.000509401,-0.036141,-0.00494246,0.997349,0.0430603,-0.0586523,-0.0422517,0.998995,0.0149576,0.0592374,-0.0124398,0.998166
165,166,-0.0109406,-0.00977508,-0.0738811,0.99741,0.0454334,-0.0557674,-0.0456005,0.998958,-0.00172751,0.0556309,0.00426606,0.998442
166,167,0.0185183,-0.00694128,0.00911397,0.993512,0.0705611,-0.0891884,-0.0700239,0.997503,0.00914122,0.0896108,-0.00283659,0.995973
167,168,0.0760344,0.0206485,0.00337073,0.991546,-0.0052065,-0.12965,0.0011895,0.999517,-0.0310416,0.129749,0.0306249,0.991074
168,169,0.0112954,0.00316989,0.0186396,0.997848,0.051383,-0.0407236,-0.0520064,0.998543,-0.0143982,0.0399245,0.0164851,0.999067
169,170,0.0157759,-0.01658,0.00745528,0.999144,0.0330956,-0.0248021,-0.033117,0.999451,-0.000450589,0.0247736,0.00127157,0.999692
170,171,0.0143359,-0.00766688,0.000291024,0.999749,0.0182017,-0.0130266,-0.0183017,0.999804,-0.00760226,0.0128856,0.00783877,0.999886
171,172,0.00852771,-0.0112428,-0.000933031,0.999906,0.00103751,-0.0136566,-0.000935248,0.999971,0.0074924,0.0136639,-0.00747892,0.999879
172,173,0.0162676,-0.0107208,0.00489417,0.999493,0.00790542,-0.0308348,-0.00794712,0.999968,-0.00122984,0.0308241,0.00147427,0.999524
173,174,0.0216195,-0.000106601,0.0069986,0.999676,0.00276902,-0.0252831,-0.00292686,0.999976,-0.0062079,0.0252654,0.00627989,0.999661
174,175,0.0422431,-0.00438421,0.0170979,0.999686,-0.0133052,-0.0212436,0.0135457,0.999845,0.0112188,0.0210911,-0.011503,0.999711
175,176,0.0193133,-0.0042094,0.00483882,0.999983,-0.00565136,-0.00162458,0.00565198,0.999984,0.00037756,0.00162242,-0.000386735,0.999999
176,177,0.0214359,-0.0044725,0.00459605,0.999986,-0.00489762,-0.00220997,0.00488212,0.999964,-0.00696557,0.002244,0.00695468,0.999973
177,178,0.0182385,0.00282168,0.000575984,0.999988,0.00284802,0.00391648,-0.00278675,0.999875,-0.0155604,-0.00396031,0.0155493,0.999871
178,179,0.0178052,0.00329442,0.00114733,0.999978,0.00604615,0.00286362,-0.00602771,0.999961,-0.00640687,-0.00290224,0.00638946,0.999975
179,180,0.0359298,-3.4389e-05,9.85591e-05,0.999908,0.0132672,-0.00270077,-0.0133036,0.999814,-0.0139522,0.00251517,0.0139869,0.999899
180,181,0.0164844,0.00687611,-0.000667631,0.999975,0.00679214,-0.00201472,-0.00680509,0.999956,-0.00649325,0.00197053,0.00650679,0.999977
181,182,0.0200293,0.00112919,0.000703669,0.999987,0.00346968,-0.00379797,-0.00346469,0.999993,0.00131739,0.00380252,-0.00130422,0.999992
182,183,0.0222116,0.00189698,0.000241386,0.999899,0.0135899,0.00409628,-0.0135777,0.999903,-0.00298273,-0.00413642,0.00292681,0.999987
183,184,0.0152271,0.0062781,-0.00249534,0.999587,0.0221911,0.0182497,-0.0221151,0.999746,-0.00435549,-0.0183417,0.0039501,0.999824
184,185,0.0138161,-0.00286235,-0.0028463,0.999687,0.0185536,0.0167756,-0.0186282,0.999817,0.00430019,-0.0166927,-0.00461134,0.99985
185,186,0.0104909,0.000957965,-0.00693442,0.999823,0.0153342,0.0109294,-0.0152373,0.999844,-0.00889418,-0.0110641,0.00872607,0.999901
186,187,0.00370207,0.0112792,-0.0108395,0.999948,0.00962144,0.00343552,-0.00960261,0.999939,-0.00545426,-0.00348779,0.00542098,0.999979
187,188,0.0219866,0.00777542,-0.00575945,0.999534,0.00150377,-0.0304863,-0.000964714,0.999843,0.0176888,0.0305082,-0.0176511,0.999379
188,189,0.0124223,0.00427261,-0.00242154,0.999836,0.0039877,-0.0176536,-0.00383078,0.999953,0.00891352,0.0176883,-0.00884443,0.999804
189,190,0.0221172,0.00750281,-0.00729026,0.998917,0.0128869,-0.0447111,-0.0126489,0.999904,0.00560159,0.044779,-0.00502997,0.998984
190,191,0.0108552,0.00509563,-0.00281304,0.999678,0.0103753,-0.0231524,-0.0102702,0.999936,0.00465401,0.0231992,-0.00441473,0.999721
191,192,0.00732512,0.00221419,-0.00406437,0.999595,0.00880009,-0.0270497,-0.00863237,0.999943,0.00631074,0.0271037,-0.00607468,0.999614
192,193,0.0101232,-0.00195912,3.02736e-05,0.99932,0.0112797,-0.0351072,-0.011228,0.999936,0.00167009,0.0351238,-0.00127477,0.999382
193,194,0.0115653,0.00549233,-0.0015764,0.999352,0.0173767,-0.0315071,-0.0176324,0.999814,-0.00785791,0.0313646,0.00840837,0.999473
194,195,0.00928431,0.00780833,-0.00260844,0.999693,0.00520036,-0.0242436,-0.00534403,0.999969,-0.00586506,0.0242123,0.00599282,0.999689
195,196,0.0123406,0.00276722,0.000117344,0.99974,0.00111585,-0.0227534,-0.00107189,0.999998,0.00194427,0.0227555,-0.00191937,0.999739
196,197,0.0107812,0.00552848,-0.000781172,0.999794,0.00484206,-0.0197267,-0.00483657,0.999988,0.00032616,0.019728,-0.000230684,0.999805
197,198,0.0137964,0.000293627,5.88225e-05,0.999823,-0.000783661,-0.0188025,0.000904061,0.999979,0.00639572,0.0187971,-0.00641158,0.999803
198,199,0.0163884,-0.00271356,0.000577386,0.999882,0.00106684,-0.0153454,-0.00105344,0.999999,0.000881287,0.0153464,-0.000865017,0.999882
199,200,0.0126138,0.0026599,-0.00333553,0.999946,-0.00212445,-0.01017,0.00205837,0.999977,-0.0065035,0.0101836,0.00648221,0.999927
200,201,0.0130023,0.00519531,-0.00237055,0.999901,-0.00382236,-0.0135099,0.00381499,0.999993,-0.000571742,0.013512,0.000520145,0.999909
201,202,0.0173149,-0.000210964,-0.000781489,0.999901,-0.00312148,-0.0136879,0.00314337,0.999994,0.00157808,0.0136829,-0.00162095,0.999905
202,203,0.0121681,0.000708747,-0.00376546,0.999948,-0.00751911,-0.00685411,0.00749077,0.999963,-0.00415123,0.00688507,0.00409967,0.999968
203,204,0.00954527,0.00360279,-0.00382875,0.999902,-0.00847748,-0.0111197,0.00840593,0.999944,-0.00646551,0.0111739,0.00637141,0.999917
204,205,0.0148694,0.0060746,-0.00303628,0.999818,-0.00923732,-0.0166985,0.00911485,0.999931,-0.00739573,0.0167657,0.00724218,0.999833
205,206,0.0161329,0.00337817,-0.00358386,0.999924,-0.00425788,-0.0115653,0.00418016,0.999969,-0.00673591,0.0115936,0.00668705,0.99991
206,207,0.0237666,0.0242291,-0.00751286,0.999899,0.00459577,-0.0134383,-0.00473643,0.999934,-0.0104542,0.0133893,0.0105168,0.999855
207,208,0.0137068,0.00782086,-0.00382449,0.99998,0.00333441,-0.00528735,-0.00332497,0.999993,0.00179451,0.0052933,-0.0017769,0.999984
208,209,0.0210108,0.00500547,-0.0089378,0.999993,7.30976e-05,0.00367333,-8.78931e-05,0.999992,0.00402781,-0.00367301,-0.0040281,0.999985
209,210,0.00765175,0.0121186,-0.0057217,0.999986,-0.00524927,-0.000330719,0.0052474,0.999971,-0.00543165,0.000359222,0.00542984,0.999985
210,211,0.0111958,0.00956602,-0.00442592,0.999996,-0.00197916,-0.00176759,0.00198615,0.99999,0.00396498,0.00175972,-0.00396848,0.999991
211,212,0.00529215,0.000936701,-0.00467172,0.999968,-0.00663995,0.00438369,0.00659452,0.999925,0.0102996,-0.00445175,-0.0102704,0.999937
212,213,0.00749045,0.0044592,-0.00458548,0.999989,-0.00413654,-0.00205792,0.00414236,0.999987,0.00282993,0.00204618,-0.00283843,0.999994
213,214,0.0086256,0.0066222,-0.00579304,0.999978,-0.00663288,0.000624823,0.00663016,0.999969,0.00425983,-0.000653058,-0.00425559,0.999991
214,215,0.00395206,0.00274015,-0.00515652,0.999936,-0.0106051,0.00384887,0.0105728,0.99991,0.00831314,-0.00393668,-0.00827192,0.999958
215,216,0.000948043,0.00276397,-0.00656648,0.99997,-0.00774902,-0.000357634,0.00775138,0.999944,0.00713799,0.000302301,-0.00714055,0.999974
216,217,0.00535335,-0.0077582,-0.00588615,0.999899,-0.00929463,-0.0107085,0.00934626,0.999945,0.00478202,0.0106635,-0.00488163,0.999931
217,218,0.00825579,0.0141232,-0.00892583,0.999962,-0.00359978,-0.00796414,0.0034431,0.999802,-0.0196011,0.00803312,0.0195729,0.999776
218,219,0.00260659,0.00582095,-0.00661829,0.999992,-0.00356631,-0.00161899,0.00356742,0.999993,0.000680937,0.00161655,-0.000686707,0.999998
219,220,-0.000184509,-0.00357585,-0.00471412,0.999996,0.00100539,-0.00271218,-0.00101771,0.999989,-0.00454599,0.00270758,0.00454873,0.999986
220,221,0.00340735,0.0208675,-0.00539134,0.99999,0.000853477,-0.00431352,-0.000922332,0.999872,-0.0159859,0.00429932,0.0159898,0.999863
221,222,-0.00309942,-0.00158273,-0.00225323,0.999993,3.28423e-05,0.00369213,-8.8876e-05,0.999885,0.0151774,-0.0036912,-0.0151776,0.999878
222,223,-0.01164,0.00242818,-0.00287947,0.999976,-0.00658774,0.00233556,0.00658386,0.999977,0.00166665,-0.00234648,-0.00165124,0.999996
223,224,-0.00384767,0.00145959,-0.00111078,0.999879,-0.00492084,-0.014774,0.00506119,0.999942,0.00947767,0.0147265,-0.0095513,0.999846
224,225,-0.00352654,-0.00183803,-0.00306061,0.999893,-0.000596987,-0.0146182,0.000629156,0.999997,0.00219613,0.0146169,-0.00220509,0.999891
225,226,-0.00428243,0.000467292,-0.00256586,0.999937,-0.000705422,-0.0111941,0.000706724,1,0.000112371,0.011194,-0.000120275,0.999937
226,227,-0.00460277,-0.00655212,-0.00284038,0.9999,0.010661,-0.00930022,-0.0106639,0.999943,-0.000263296,0.00929688,0.000362446,0.999957
227,228,-0.00852148,0.00564439,-0.0038141,0.999943,0.0101144,-0.00345433,-0.0101565,0.999872,-0.0123851,0.00332862,0.0124195,0.999917
228,229,-0.00952542,-0.00513485,-5.51639e-05,0.999977,0.00535447,-0.00416446,-0.00534968,0.999985,0.00116065,0.00417061,-0.00113835,0.999991
229,230,-0.0115186,-0.00305359,-0.0021779,0.99995,0.00640508,-0.00770596,-0.00646917,0.999944,-0.00832218,0.00765223,0.00837161,0.999936
230,231,-0.00999207,-0.000660939,-0.00272023,0.999888,0.00918356,-0.011848,-0.00923099,0.99995,-0.00395514,0.011811,0.00406407,0.999922
231,232,-0.0101501,-0.0125333,-0.00167421,0.999828,0.0139622,-0.0122349,-0.0139408,0.999901,0.00183687,0.0122593,-0.00166599,0.999923
232,233,-0.0044292,-0.00941643,-0.00339917,0.999679,0.0196249,-0.0160019,-0.0198335,0.999719,-0.012984,0.0157425,0.0132972,0.999788
233,234,-0.00695589,0.0015304,-0.00525098,0.999891,0.0123863,-0.00804071,-0.0125836,0.999609,-0.0249631,0.00772837,0.0250615,0.999656
234,235,-0.0189631,-0.00105211,-0.00390695,0.999958,0.0040538,-0.00827372,-0.00413165,0.999947,-0.00941321,0.00823512,0.00944699,0.999921
235,236,0.00110236,-0.0191726,-0.00370989,0.999407,0.00769027,-0.0335629,-0.00780646,0.999964,-0.00333214,0.0335361,0.00359217,0.999431
236,237,0.0031008,-0.000440176,-0.0031131,0.999725,0.0141381,-0.0187022,-0.0146933,0.999445,-0.0298873,0.0182693,0.0301538,0.999378
237,238,-0.000529637,-0.00261121,-0.0026664,0.999819,0.0187395,-0.00324538,-0.0188103,0.99955,-0.023379,0.00280581,0.0234358,0.999721
238,239,-0.00856633,-0.00301916,-0.00350664,0.999777,0.0202761,0.00597654,-0.0201516,0.999593,-0.0202142,-0.00638397,0.0200892,0.999778
239,240,-0.0101923,-0.00447026,-0.00110828,0.999881,0.0152868,0.00225905,-0.0152467,0.999742,-0.0168352,-0.00251583,0.0167987,0.999856
240,241,-0.00302279,-0.00368832,-0.000218277,0.999924,0.0114439,-0.00459895,-0.0115085,0.999832,-0.014271,0.00443486,0.0143228,0.999888
241,242,-0.00714521,-0.00944822,-0.00158848,0.999992,-0.0038233,-0.00119767,0.00381905,0.999986,-0.00353187,0.00121116,0.00352726,0.999993
242,243,-0.00288065,-0.0113153,-0.00125244,0.999953,-0.00129111,-0.00961853,0.00122856,0.999978,-0.00650627,0.00962672,0.00649415,0.999933
243,244,-0.000336848,-0.00515099,0.000255784,0.999951,-0.00705349,-0.00698355,0.0069579,0.999883,-0.0136186,0.00707879,0.0135693,0.999883
244,245,-0.00403525,-0.00905968,-0.000607121,0.999894,-0.0145157,0.000691573,0.0145219,0.999845,-0.0099863,-0.000546508,0.00999528,0.99995
245,246,-0.0036513,-0.008837,-0.00177162,0.999879,-0.0154233,-0.00197283,0.0154023,0.999829,-0.0102737,0.00213095,0.0102421,0.999945
246,247,-0.000312125,-0.010861,-0.00162299,0.999795,-0.0191872,-0.0065387,0.0191348,0.999785,-0.00798661,0.00669053,0.00785986,0.999947
247,248,-0.00289495,-0.012851,-0.00237111,0.999832,-0.0181772,0.00227769,0.0182065,0.999742,-0.0135727,-0.00203038,0.0136119,0.999905
248,249,-0.000473645,-0.011519,-0.00105227,0.999833,-0.0180806,0.00246683,0.0181174,0.99971,-0.0158357,-0.0021798,0.0158777,0.999872
249,250,-0.002128,-0.011496,-0.00139225,0.999762,-0.0198661,0.00898649,0.0200079,0.999672,-0.0159727,-0.00866622,0.0161487,0.999832
250,251,-0.00636118,-0.00924344,-0.000158574,0.999755,-0.0195207,0.0104465,0.0197444,0.999568,-0.0217613,-0.0100172,0.0219622,0.999709
251,252,-0.00127486,-0.00824086,0.0026889,0.999814,-0.0174374,0.00824976,0.0175581,0.999737,-0.0147855,-0.00798976,0.0149276,0.999857
252,253,-0.00504354,-0.00710787,0.0043337,0.999635,-0.021877,0.0158759,0.022083,0.999673,-0.0129182,-0.0155881,0.013264,0.999791
253,254,0,0,0,1,0,0,0,1,0,0,0,1
254,255,0,0,0,1,0,0,0,1,0,0,0,1
255,256,0.00717113,0.0511221,-0.011224,0.998761,-0.0495521,0.00466259,0.0497031,0.997903,-0.0414634,-0.00259822,0.0416438,0.999129
256,257,-0.00560066,0.00411355,0.00921046,0.999714,-0.0225741,0.00783774,0.0226227,0.999725,-0.00616712,-0.00769636,0.00634267,0.99995
257,258,-0.00366419,0.00333623,0.00774744,0.999592,-0.0266341,0.0103173,0.0267491,0.99958,-0.0111782,-0.0100152,0.0114496,0.999884
258,259,-0.00645325,-0.00302213,0.006004,0.9995,-0.0289577,0.0127339,0.0290345,0.999561,-0.00588794,-0.0125578,0.00625472,0.999902
259,260,-0.00888851,-0.0012654,0.00801237,0.999726,-0.020825,0.0107297,0.0209244,0.999738,-0.00923521,-0.0105346,0.00945719,0.9999
260,261,-0.00859113,0.00146776,0.00904639,0.999841,-0.0157558,0.00834821,0.0158874,0.999747,-0.015946,-0.00809485,0.0160761,0.999838
261,262,-0.0069168,-0.00906401,0.00113085,0.999899,-0.0141299,0.00150729,0.0141377,0.999886,-0.00531416,-0.00143203,0.00533493,0.999985
262,263,-0.00942903,-0.00364429,0.00567728,0.99996,-0.00822705,-0.00347461,0.00821311,0.999958,-0.0040077,0.00350744,0.00397901,0.999986
263,264,-0.0112046,0.00114044,0.00897949,0.999997,-0.00227011,-0.000187135,0.00226856,0.999966,-0.00789633,0.000205054,0.00789588,0.999969
264,265,-0.010163,-0.000393644,0.00859267,0.999987,-0.00273016,0.0043424,0.00274836,0.999987,-0.00419128,-0.00433091,0.00420316,0.999982
265,266,-0.00553826,-0.00186524,0.00812394,0.999979,-0.00535835,0.00358657,0.00534147,0.999975,0.00469899,-0.00361166,-0.00467974,0.999983
266,267,-0.0179712,0.007137,0.0121667,0.999761,-0.014692,0.0162154,0.0146834,0.999892,0.000649388,-0.0162232,-0.000411136,0.999868
267,268,-0.0224534,0.00529935,0.014085,0.999507,-0.0197914,0.0243549,0.0198644,0.999799,-0.00275843,-0.0242955,0.00324087,0.9997
268,269,-0.0133281,-0.002766,0.00792334,0.999778,-0.0179834,0.0109437,0.0179759,0.999838,0.000789422,-0.0109561,-0.000592525,0.99994
269,270,-0.0109398,-0.000702445,0.00971494,0.999831,-0.0178211,0.00457427,0.0177835,0.999809,0.00814256,-0.0047185,-0.00805983,0.999956
270,271,-0.0142084,-0.00478721,0.00904404,0.999793,-0.0184524,0.00857728,0.01833,0.999732,0.0141366,-0.00883584,-0.0139765,0.999863
271,272,-0.0128492,-0.00329537,0.00830689,0.999889,-0.0144483,0.00364205,0.0144449,0.999895,0.000957443,-0.00365551,-0.000904728,0.999993
272,273,-0.0177337,4.03713e-05,0.00541056,0.999899,-0.0116964,0.00813373,0.011721,0.999927,-0.00298483,-0.00809823,0.00307986,0.999962
273,274,-0.0154172,-0.00264291,0.00718671,0.999956,-0.00731427,0.00589051,0.00722913,0.999871,0.0143476,-0.00599469,-0.0143044,0.99988
274,275,-0.0170658,-0.00540324,0.00554998,0.999914,-0.0111725,0.00692742,0.0111083,0.999896,0.00923471,-0.00702988,-0.00915696,0.999933
275,276,-0.0141104,0.00315424,0.00563628,0.999933,-0.00856303,0.00781114,0.00861489,0.999941,-0.00663017,-0.0077539,0.00669701,0.999948
276,277,-0.0146928,0.00446523,0.00551981,0.999903,-0.00407679,0.0133048,0.00400853,0.999979,0.0051531,-0.0133255,-0.00509927,0.999898
277,278,-0.0186194,-0.00997089,0.000227333,0.999847,-0.00698918,0.0160066,0.00673393,0.99985,0.0159453,-0.0161157,-0.0158351,0.999745
278,279,-0.0186143,3.13605e-06,0.00203277,0.999925,-0.00757723,0.00962613,0.00759093,0.99997,-0.00138745,-0.00961533,0.00146042,0.999953
279,280,-0.0184873,-0.00333075,0.000355537,0.999983,-0.00416742,0.00414522,0.00414625,0.999978,0.00510164,-0.00416639,-0.00508436,0.999978
280,281,-0.0197484,-0.00660637,-0.00336998,0.999987,-0.00489862,-0.0015394,0.00490893,0.999965,0.00676439,0.00150621,-0.00677186,0.999976
281,282,-0.0124545,1.15648e-05,-0.00389969,0.999915,-0.00291139,-0.0127268,0.00301871,0.99996,0.0084212,0.0127018,-0.0084589,0.999884
282,283,-0.0107053,-0.00161576,0.00521468,0.999958,0.00311894,-0.00857381,-0.00303768,0.999951,0.00947467,0.00860294,-0.00944823,0.999918
283,284,-0.0156147,-0.000409153,0.00443019,0.999991,-0.00045292,0.00413438,0.000453413,1,-0.000118309,-0.00413433,0.000120182,0.999991
284,285,-0.018049,0.0087875,0.00458633,0.999979,-0.0021634,0.00614005,0.0021716,0.999997,-0.00132841,-0.00613716,0.00134172,0.99998
285,286,-0.00354022,-0.010389,0.00875258,0.999911,-0.00419763,-0.0126515,0.00460183,0.999474,0.0320915,0.0125101,-0.0321469,0.999405
286,287,-0.0165159,-0.0065923,0.00367719,0.999983,-0.00479073,0.003211,0.00473495,0.999842,0.0171625,-0.00329271,-0.017147,0.999848
287,288,-0.0190792,0.011762,0.00499472,0.99998,-0.00603763,0.00192793,0.00604598,0.999972,-0.00435701,-0.00190157,0.00436858,0.999989
288,289,-0.00925802,0.00254705,0.0096247,0.999875,-0.0107103,-0.0116654,0.0109632,0.999701,0.021836,0.0114281,-0.0219612,0.999694
289,290,-0.0185531,0.00223956,0.00657656,0.999855,-0.0170487,-0.000172779,0.0170487,0.999644,0.020533,-0.000177345,-0.020533,0.999789
290,291,-0.0185401,0.0083423,0.00857013,0.999774,-0.0212445,0.00028942,0.0212426,0.999759,0.00554491,-0.00040715,-0.00553751,0.999985
291,292,-0.0177209,0.0179956,0.0118924,0.999787,-0.0205739,-0.00163536,0.0205781,0.999785,0.00259971,0.00158152,-0.00263281,0.999995
292,293,-0.017396,0.00366446,0.00866076,0.999865,-0.0164395,3.46814e-05,0.0164367,0.999725,0.0167109,-0.000309391,-0.0167081,0.99986
293,294,-0.0153572,0.00841054,0.00916843,0.999925,-0.0114897,0.00431594,0.0114721,0.999926,0.00409484,-0.00436267,-0.00404502,0.999982
294,295,-0.0154471,0.0146376,0.0104299,0.999875,-0.0123378,0.00991086,0.0123277,0.999923,0.00107911,-0.00992341,-0.000956796,0.99995
295,296,-0.017634,0.00922839,0.0116531,0.999862,-0.012337,0.0111565,0.0122192,0.999869,0.0105683,-0.0112854,-0.0104305,0.999882
296,297,-0.0162031,0.00538616,0.0114624,0.999827,-0.0164565,0.00872571,0.0163908,0.999837,0.00755898,-0.00884869,-0.00741465,0.999933
297,298,-0.0171055,0.0173617,0.0115739,0.999827,-0.0180411,0.00463169,0.0180429,0.999837,-0.000343138,-0.00462474,0.000426647,0.999989
298,299,-0.0115294,0.00916934,0.0117178,0.999864,-0.0164301,-0.00155949,0.0164479,0.999791,0.0121719,0.00135918,-0.0121958,0.999925
299,300,-0.00492966,0.0053865,0.0108407,0.999963,-0.00855989,-0.000184112,0.00856124,0.999919,0.00945079,0.0001032,-0.00945202,0.999955
300,301,-0.00489618,0.0156382,0.00932288,0.999963,-0.00274461,0.00810801,0.00270266,0.999983,0.00518041,-0.00812209,-0.0051583,0.999954
301,302,-0.00664486,0.0102148,0.0108143,0.999823,-0.00543317,0.0180183,0.00510391,0.99982,0.0182694,-0.0181143,-0.0181742,0.999671
